31 1579000
63 5162000
95 11705000
127 15250000
159 28831000
191 38415000
223 46229000
255 59499000
287 71271000
319 82558000
351 107206000
383 117071000
415 131745000
447 162239000
479 163833000
511 203857000
543 230145000
575 230727000
607 237940000
639 258748000
671 270353000
703 292661000
735 316142000
767 343706000
799 350272000
831 379371000
863 399784000
895 419547000
927 438248000
959 490384000
991 516628000
31 1454000
63 4485000
95 10464000
127 13349000
159 25456000
191 34271000
223 40021000
255 51855000
287 66127000
319 78878000
351 97861000
383 107766000
415 119421000
447 135828000
479 151771000
511 186466000
543 197818000
575 212558000
607 236152000
639 256471000
671 298419000
703 292165000
735 359444000
767 383160000
799 400144000
831 496374000
863 466373000
895 474964000
927 504801000
959 524060000
991 551341000
29 1452000
61 4410000
93 10656000
125 13285000
157 25157000
189 30985000
221 41416000
253 44008000
285 64994000
317 75297000
349 96857000
381 96070000
413 114603000
445 115208000
477 125323000
509 137980000
541 185712000
573 219900000
605 251805000
637 260095000
669 298831000
701 291412000
733 310550000
765 315409000
797 343994000
829 373690000
861 385919000
893 425646000
925 412785000
957 431494000
989 428792000
31 1579000
63 5086000
95 11726000
127 15329000
159 29444000
191 38507000
223 46084000
255 58085000
287 72685000
319 88461000
351 110194000
383 122458000
415 134376000
447 156123000
479 174473000
511 208181000
543 225510000
575 244152000
607 279318000
639 284074000
671 315715000
703 335099000
735 378334000
767 385480000
799 404946000
831 440547000
863 462712000
895 478988000
927 508883000
959 556717000
991 595447000
28 1913000
60 5644000
92 12375000
124 15315000
156 29148000
188 35425000
220 42118000
252 45666000
284 73015000
316 85709000
348 100861000
380 108014000
412 120439000
444 138412000
476 165812000
508 168983000
540 202093000
572 217866000
604 247224000
636 270858000
668 358724000
700 327612000
732 396270000
764 403220000
796 443389000
828 483619000
860 357969000
892 400223000
924 401823000
956 388939000
988 410313000
31 1677000
63 4887000
95 11360000
127 17967000
159 34010000
191 39047000
223 55252000
255 62229000
287 82200000
319 105999000
351 123457000
383 133715000
415 156904000
447 189276000
479 240031000
511 219338000
543 252450000
575 296384000
607 331953000
639 391641000
671 367980000
703 421766000
735 442004000
767 513012000
799 695048000
831 598563000
863 538233000
895 601013000
927 633161000
959 670239000
991 685927000
31 1704000
63 5214000
95 12161000
127 18659000
159 35553000
191 45332000
223 56744000
255 61390000
287 104292000
319 121414000
351 152467000
383 155509000
415 187965000
447 192071000
479 214288000
511 210466000
543 260368000
575 314858000
607 370034000
639 380208000
671 400773000
703 459046000
735 462887000
767 459660000
799 534450000
831 603417000
863 572137000
895 610233000
927 685394000
959 694372000
991 708790000
25 1689000
57 4953000
89 11557000
121 14949000
153 29814000
185 36913000
217 43465000
249 47270000
281 73475000
313 89567000
345 108723000
377 114144000
409 123580000
441 126961000
473 141896000
505 160274000
537 230637000
569 214806000
601 251768000
633 262584000
665 289081000
697 290765000
729 307902000
761 324477000
793 362293000
825 361422000
857 382743000
889 397424000
921 415728000
953 423608000
985 472174000
31 1673000
63 5184000
95 12018000
127 19106000
159 40098000
191 47539000
223 59160000
255 67551000
287 89613000
319 104301000
351 123296000
383 145836000
415 169661000
447 199333000
479 216001000
511 226467000
543 268538000
575 297819000
607 333490000
639 391558000
671 423701000
703 435307000
735 425561000
767 470000000
799 521938000
831 575393000
863 574078000
895 613746000
927 649185000
959 684911000
991 685231000
31 1704000
63 5816000
95 11832000
127 21626000
159 37857000
191 49389000
223 64112000
255 71719000
287 106041000
319 122806000
351 154014000
383 165492000
415 189276000
447 213243000
479 229900000
511 224353000
543 296881000
575 306602000
607 376648000
639 360264000
671 386658000
703 446359000
735 456123000
767 453714000
799 516086000
831 524777000
863 575553000
895 622190000
927 660983000
959 735113000
991 874027000
31 1909000
63 6519000
95 13966000
127 17734000
159 34838000
191 46196000
223 57656000
255 67926000
287 88519000
319 102049000
351 130724000
383 143519000
415 182006000
447 192319000
479 207672000
511 215773000
543 229050000
575 248119000
607 283547000
639 294433000
671 326055000
703 376287000
735 385719000
767 386058000
799 413736000
831 442911000
863 504840000
895 602073000
927 631990000
959 665916000
991 627329000
31 1577000
63 4933000
95 12074000
127 18338000
159 35346000
191 44571000
223 54428000
255 60174000
287 98993000
319 122826000
351 140324000
383 147027000
415 187503000
447 198939000
479 216367000
511 219481000
543 281721000
575 334639000
607 391457000
639 410225000
671 426281000
703 437944000
735 457834000
767 478303000
799 544633000
831 572378000
863 602843000
895 623372000
927 810696000
959 799749000
991 816009000
31 1608000
63 5250000
95 11386000
127 17589000
159 33023000
191 40696000
223 58679000
255 68825000
287 90415000
319 118353000
351 125729000
383 135223000
415 175217000
447 186032000
479 211235000
511 220227000
543 254086000
575 303435000
607 317737000
639 366259000
671 370246000
703 389654000
735 410341000
767 435496000
799 470460000
831 489270000
863 556038000
895 593358000
927 619401000
959 652729000
991 662066000
31 1553000
63 5235000
95 11204000
127 14654000
159 26932000
191 35524000
223 44648000
255 55404000
287 66536000
319 83402000
351 111904000
383 121785000
415 140652000
447 167558000
479 189618000
511 205858000
543 224482000
575 254067000
607 274265000
639 277189000
671 321234000
703 327956000
735 366226000
767 358031000
799 410003000
831 460227000
863 481251000
895 456799000
927 538487000
959 548105000
991 596814000
31 1552000
63 5158000
95 10763000
127 13957000
159 25348000
191 34232000
223 43807000
255 52024000
287 63994000
319 79094000
351 100271000
383 109720000
415 131444000
447 147690000
479 170759000
511 207151000
543 219774000
575 244279000
607 273686000
639 293520000
671 315462000
703 354437000
735 356715000
767 356478000
799 398890000
831 406638000
863 444087000
895 455866000
927 508294000
959 558347000
991 616107000
31 1845000
63 6054000
95 11770000
127 14050000
159 28422000
191 37869000
223 43512000
255 59991000
287 71380000
319 88197000
351 102404000
383 124034000
415 137171000
447 153240000
479 171796000
511 208577000
543 227141000
575 244097000
607 260955000
639 281984000
671 304758000
703 328150000
735 333071000
767 368484000
799 355292000
831 398391000
863 432177000
895 457152000
927 485565000
959 530945000
991 577702000
31 1534000
63 4848000
95 10606000
127 18088000
159 34929000
191 42477000
223 58258000
255 65326000
287 90402000
319 113653000
351 130771000
383 136334000
415 167007000
447 182509000
479 212657000
511 210407000
543 242058000
575 290842000
607 322243000
639 385045000
671 386185000
703 385915000
735 443744000
767 451389000
799 487789000
831 533357000
863 590910000
895 603465000
927 622839000
959 675872000
991 716053000
31 1820000
63 5244000
95 11772000
127 18553000
159 36121000
191 44495000
223 60042000
255 65402000
287 88992000
319 115607000
351 129879000
383 146530000
415 169156000
447 183775000
479 204130000
511 204343000
543 238481000
575 282483000
607 319336000
639 359421000
671 390669000
703 414479000
735 422504000
767 449594000
799 484555000
831 524499000
863 532961000
895 560474000
927 588577000
959 618712000
991 625572000
31 1536000
63 4624000
95 11081000
127 17210000
159 32255000
191 40164000
223 56045000
255 60516000
287 88109000
319 105344000
351 127487000
383 137152000
415 163189000
447 183960000
479 204500000
511 202936000
543 238348000
575 272615000
607 347348000
639 349579000
671 377664000
703 388824000
735 423315000
767 422595000
799 468610000
831 530224000
863 556970000
895 568617000
927 591589000
959 626753000
991 660938000
30 1734000
62 5358000
94 11261000
126 15703000
158 29761000
190 37602000
222 41975000
254 45538000
286 77116000
318 96680000
350 105506000
382 125923000
414 140533000
446 146678000
478 153945000
510 148301000
542 214589000
574 248212000
606 282542000
638 316501000
670 357370000
702 349377000
734 393181000
766 418094000
798 449013000
830 462268000
862 504168000
894 530817000
926 550102000
958 595684000
990 557963000
31 1623000
63 4909000
95 13081000
127 15029000
159 29035000
191 40300000
223 49841000
255 61086000
287 76797000
319 101738000
351 119235000
383 131453000
415 145071000
447 155068000
479 187418000
511 214174000
543 229106000
575 287386000
607 280967000
639 295073000
671 338196000
703 376149000
735 439196000
767 422370000
799 471826000
831 547205000
863 547266000
895 685010000
927 652806000
959 719352000
991 593446000
29 1710000
61 4984000
93 12549000
125 14976000
157 29593000
189 34136000
221 41616000
253 46152000
285 73149000
317 86511000
349 93076000
381 104482000
413 113214000
445 123426000
477 129415000
509 131776000
541 178410000
573 205656000
605 238169000
637 252658000
669 302291000
701 316206000
733 335416000
765 334916000
797 366981000
829 396030000
861 403214000
893 379532000
925 429401000
957 431072000
989 446689000
31 1690000
63 5074000
95 11940000
127 19671000
159 36395000
191 45981000
223 57621000
255 63718000
287 112328000
319 131347000
351 134614000
383 156768000
415 195911000
447 206727000
479 200981000
511 225400000
543 296821000
575 324822000
607 356648000
639 382962000
671 438615000
703 433610000
735 442953000
767 452664000
799 520964000
831 583734000
863 610536000
895 631653000
927 706318000
959 690513000
991 698854000
29 1621000
61 4936000
93 11595000
125 14781000
157 28551000
189 34631000
221 41319000
253 46194000
285 74387000
317 89881000
349 101515000
381 110139000
413 128184000
445 130907000
477 139627000
509 144351000
541 197459000
573 229229000
605 282755000
637 277841000
669 295362000
701 328994000
733 349641000
765 329956000
797 411883000
829 402115000
861 447416000
893 410768000
925 426387000
957 431780000
989 447530000
31 1601000
63 5036000
95 11677000
127 18341000
159 35196000
191 43044000
223 57674000
255 60353000
287 89331000
319 118694000
351 131280000
383 139799000
415 166567000
447 188863000
479 210314000
511 209736000
543 262548000
575 292283000
607 321517000
639 363616000
671 401810000
703 419039000
735 415459000
767 440757000
799 484004000
831 530488000
863 565179000
895 589204000
927 619174000
959 652764000
991 672603000
31 1456000
63 4715000
95 10321000
127 16388000
159 34841000
191 43712000
223 59944000
255 66743000
287 90451000
319 116774000
351 129224000
383 141552000
415 168392000
447 192051000
479 198064000
511 220096000
543 252814000
575 296387000
607 321998000
639 361419000
671 381415000
703 409735000
735 445627000
767 471499000
799 478968000
831 515959000
863 545913000
895 599587000
927 636078000
959 685301000
991 686551000
30 1692000
62 4919000
94 11850000
126 14760000
158 27767000
190 34419000
222 44604000
254 50311000
286 71954000
318 92426000
350 105385000
382 125719000
414 136719000
446 153244000
478 160657000
510 180685000
542 190408000
574 218143000
606 240051000
638 270605000
670 298497000
702 327911000
734 344558000
766 358773000
798 376568000
830 401129000
862 426983000
894 457730000
926 456979000
958 474133000
990 493913000
28 1521000
60 4537000
92 10219000
124 13246000
156 28628000
188 33244000
220 37393000
252 40853000
284 66536000
316 77551000
348 88523000
380 98629000
412 106663000
444 115553000
476 125123000
508 133432000
540 188730000
572 214131000
604 241698000
636 256475000
668 282312000
700 298562000
732 309377000
764 311623000
796 326659000
828 339409000
860 356415000
892 354345000
924 359601000
956 365182000
988 379911000
31 1545000
63 4507000
95 10872000
127 13565000
159 25188000
191 33963000
223 43148000
255 53978000
287 64075000
319 79298000
351 101539000
383 113738000
415 133398000
447 144912000
479 170258000
511 188771000
543 202668000
575 230876000
607 246011000
639 263787000
671 290985000
703 330868000
735 340933000
767 336870000
799 404525000
831 414334000
863 440493000
895 454176000
927 499880000
959 535785000
991 576697000
30 1529000
62 4817000
94 10265000
126 13532000
158 25249000
190 32004000
222 41761000
254 43177000
286 65352000
318 81983000
350 94061000
382 103039000
414 121957000
446 135201000
478 157780000
510 180605000
542 194942000
574 211861000
606 242765000
638 270410000
670 289825000
702 325506000
734 330466000
766 350865000
798 366217000
830 403644000
862 412357000
894 437923000
926 465322000
958 485225000
990 489822000
31 1486000
63 4448000
95 10235000
127 16484000
159 31326000
191 40329000
223 51755000
255 62978000
287 88742000
319 106828000
351 127199000
383 138002000
415 176676000
447 183405000
479 193471000
511 204830000
543 259991000
575 286432000
607 326332000
639 353221000
671 385370000
703 402592000
735 431646000
767 457687000
799 500338000
831 536289000
863 557077000
895 585248000
927 603615000
959 618416000
991 626970000
25 1455000
57 4527000
89 10229000
121 13379000
153 25185000
185 31020000
217 37242000
249 40655000
281 64939000
313 75693000
345 90257000
377 95682000
409 109643000
441 115809000
473 120061000
505 122348000
537 170232000
569 197613000
601 218152000
633 229218000
665 253185000
697 271024000
729 282921000
761 289270000
793 314114000
825 317062000
857 335805000
889 343308000
921 347494000
953 362783000
985 367100000
29 1453000
61 4481000
93 10491000
125 13953000
157 26467000
189 31866000
221 38796000
253 41037000
285 64300000
317 78128000
349 90751000
381 99678000
413 110850000
445 117920000
477 129313000
509 125754000
541 168934000
573 191018000
605 224348000
637 234520000
669 258294000
701 267275000
733 278360000
765 298216000
797 326665000
829 335990000
861 359897000
893 361306000
925 383413000
957 393662000
989 397258000
31 1520000
63 4547000
95 10900000
127 16560000
159 32263000
191 44957000
223 54017000
255 58316000
287 87490000
319 109763000
351 124884000
383 132841000
415 160852000
447 175541000
479 190059000
511 212069000
543 244627000
575 279281000
607 322459000
639 341227000
671 375607000
703 393761000
735 416291000
767 429445000
799 478900000
831 531020000
863 536194000
895 548090000
927 592427000
959 619737000
991 681018000
31 1820000
63 5628000
95 11791000
127 18758000
159 35010000
191 42707000
223 60002000
255 64856000
287 87557000
319 113729000
351 130491000
383 148988000
415 173375000
447 185814000
479 205779000
511 211785000
543 262975000
575 299973000
607 325974000
639 377831000
671 382004000
703 409134000
735 406344000
767 421612000
799 471064000
831 485141000
863 506375000
895 535178000
927 573205000
959 592420000
991 617752000
30 1453000
62 4447000
94 10596000
126 13495000
158 25071000
190 31773000
222 37365000
254 43117000
286 63483000
318 76099000
350 90460000
382 101818000
414 119481000
446 128585000
478 149064000
510 144340000
542 178151000
574 202499000
606 227721000
638 248818000
670 268001000
702 284081000
734 311300000
766 307120000
798 345198000
830 390379000
862 394745000
894 405401000
926 451561000
958 462493000
990 480945000
31 1458000
63 4386000
95 10480000
127 13876000
159 25482000
191 34093000
223 40030000
255 51772000
287 64361000
319 79141000
351 96759000
383 113579000
415 120985000
447 138191000
479 163265000
511 184336000
543 200892000
575 216642000
607 240780000
639 258491000
671 304321000
703 308707000
735 332134000
767 344221000
799 361538000
831 387266000
863 414005000
895 434975000
927 458202000
959 512023000
991 554127000
31 1561000
63 4384000
95 10482000
127 16386000
159 32385000
191 40944000
223 52878000
255 59536000
287 90107000
319 107464000
351 127711000
383 131760000
415 163538000
447 178510000
479 192637000
511 198474000
543 256170000
575 296164000
607 340055000
639 341213000
671 378263000
703 387495000
735 409650000
767 429819000
799 476975000
831 514162000
863 539017000
895 572572000
927 613201000
959 673218000
991 697201000
31 1530000
63 4618000
95 10552000
127 19024000
159 34808000
191 40948000
223 61093000
255 65231000
287 87470000
319 116236000
351 125908000
383 131171000
415 154601000
447 180263000
479 200724000
511 205246000
543 246971000
575 276229000
607 292659000
639 339181000
671 352491000
703 372932000
735 382028000
767 406756000
799 434801000
831 480444000
863 502095000
895 542630000
927 558323000
959 587131000
991 608010000
31 1458000
63 4386000
95 10457000
127 16987000
159 33467000
191 41266000
223 52786000
255 59436000
287 89241000
319 106342000
351 127117000
383 139354000
415 167512000
447 177823000
479 191061000
511 198816000
543 259848000
575 292827000
607 331394000
639 345722000
671 389042000
703 406804000
735 433692000
767 441444000
799 497792000
831 520305000
863 549841000
895 569322000
927 597580000
959 618750000
991 635050000
31 1528000
63 4455000
95 10279000
127 16498000
159 31764000
191 39847000
223 51702000
255 57407000
287 95998000
319 107625000
351 126907000
383 134980000
415 164141000
447 175778000
479 188056000
511 199725000
543 256452000
575 289275000
607 320693000
639 344884000
671 381887000
703 406365000
735 437360000
767 435954000
799 500339000
831 530846000
863 547799000
895 562489000
927 603222000
959 630666000
991 632458000
31 1552000
63 4430000
95 10364000
127 16256000
159 31078000
191 40400000
223 51821000
255 58870000
287 87790000
319 105559000
351 123231000
383 132872000
415 158993000
447 171885000
479 185689000
511 192446000
543 242219000
575 281683000
607 323466000
639 339029000
671 376810000
703 398467000
735 418767000
767 425097000
799 474710000
831 518333000
863 544220000
895 549842000
927 589510000
959 602973000
991 627483000
30 1578000
62 4697000
94 10838000
126 17075000
158 27151000
190 34980000
222 44009000
254 47872000
286 70180000
318 90205000
350 104632000
382 114067000
414 127832000
446 146392000
478 156629000
510 159836000
542 196588000
574 233601000
606 286549000
638 316290000
670 360960000
702 357622000
734 379061000
766 366140000
798 374418000
830 406662000
862 433306000
894 451567000
926 454093000
958 487561000
990 486217000
31 1454000
63 4522000
95 10295000
127 13522000
159 29641000
191 36602000
223 43970000
255 52498000
287 64321000
319 78927000
351 101291000
383 110003000
415 128281000
447 143564000
479 171506000
511 190868000
543 201048000
575 226575000
607 243137000
639 263813000
671 290539000
703 313516000
735 333438000
767 342409000
799 369075000
831 400428000
863 446104000
895 444487000
927 482301000
959 526650000
991 572207000
31 1461000
63 4621000
95 10392000
127 16301000
159 31356000
191 36954000
223 52231000
255 58086000
287 78331000
319 105394000
351 116673000
383 123790000
415 149957000
447 170653000
479 196522000
511 192419000
543 237582000
575 263813000
607 289839000
639 324094000
671 348378000
703 366885000
735 377634000
767 412591000
799 441047000
831 482562000
863 503911000
895 529099000
927 560038000
959 593132000
991 631807000
29 1631000
61 4795000
93 11030000
125 13570000
157 25651000
189 31604000
221 36889000
253 40945000
285 66006000
317 75947000
349 90908000
381 96591000
413 112921000
445 118817000
477 122334000
509 129845000
541 169448000
573 202953000
605 231002000
637 248453000
669 280694000
701 291633000
733 305888000
765 312697000
797 331003000
829 351749000
861 361700000
893 366784000
925 380740000
957 389669000
989 392409000
29 1623000
61 4664000
93 10708000
125 13313000
157 25262000
189 31125000
221 39065000
253 40761000
285 68070000
317 84914000
349 93794000
381 97147000
413 111212000
445 120399000
477 121808000
509 130825000
541 190729000
573 226129000
605 238348000
637 257252000
669 278088000
701 296925000
733 307439000
765 315217000
797 351691000
829 386300000
861 404893000
893 417042000
925 423039000
957 428025000
989 418651000
30 1532000
62 4707000
94 11342000
126 14161000
158 26246000
190 34075000
222 39857000
254 42802000
286 69832000
318 85495000
350 96824000
382 102819000
414 116100000
446 128413000
478 134788000
510 148636000
542 177181000
574 199102000
606 221979000
638 250440000
670 260657000
702 271862000
734 287181000
766 307983000
798 323533000
830 341080000
862 352685000
894 385152000
926 385536000
958 404193000
990 432195000
31 1455000
63 4382000
95 10369000
127 13398000
159 25431000
191 34118000
223 43029000
255 52064000
287 64680000
319 84328000
351 100814000
383 108673000
415 127208000
447 144596000
479 168124000
511 183274000
543 204024000
575 233959000
607 244345000
639 257490000
671 292417000
703 311802000
735 337458000
767 349668000
799 374498000
831 400184000
863 450804000
895 446854000
927 571969000
959 592860000
991 636214000
30 1618000
62 5025000
94 11259000
126 14671000
158 26020000
190 38787000
222 45509000
254 48724000
286 81922000
318 98084000
350 105199000
382 118577000
414 144682000
446 151609000
478 158186000
510 160231000
542 228645000
574 285257000
606 314824000
638 339304000
670 417276000
702 377895000
734 393187000
766 398512000
798 443071000
830 480177000
862 495824000
894 514990000
926 509293000
958 523363000
990 532507000
