31 2046000
63 1969000
95 1898000
127 1891000
159 1877000
191 1827000
223 1771000
255 1772000
287 1718000
319 1713000
351 1646000
383 1649000
415 1633000
447 1618000
479 1620000
511 1620000
543 1619000
575 1636000
607 1677000
639 1622000
671 1619000
703 1634000
735 1799000
767 1619000
799 1649000
831 1622000
863 1622000
895 1658000
927 1612000
959 1617000
991 1576000
31 1575000
63 1574000
95 1573000
127 1548000
159 1532000
191 1531000
223 1532000
255 1533000
287 1534000
319 1652000
351 1456000
383 1457000
415 1459000
447 1456000
479 1457000
511 1458000
543 1459000
575 1456000
607 1458000
639 1456000
671 1558000
703 1456000
735 1459000
767 1458000
799 1570000
831 1458000
863 1458000
895 1459000
927 1459000
959 1460000
991 1457000
29 1451000
61 1451000
93 1485000
125 1668000
157 1454000
189 1455000
221 1453000
253 1452000
285 1454000
317 1452000
349 1454000
381 1452000
413 1452000
445 1453000
477 1553000
509 1452000
541 1451000
573 1453000
605 1452000
637 1450000
669 1453000
701 1453000
733 1454000
765 1452000
797 1523000
829 1453000
861 1639000
893 1455000
925 1454000
957 1454000
989 1553000
31 1622000
63 1622000
95 1650000
127 1750000
159 1623000
191 1618000
223 1618000
255 2056000
287 1575000
319 1575000
351 1681000
383 1573000
415 1730000
447 1809000
479 1578000
511 1666000
543 1582000
575 1929000
607 1622000
639 1578000
671 1652000
703 1578000
735 1731000
767 1886000
799 1580000
831 1623000
863 1654000
895 2096000
927 1579000
959 1577000
991 1579000
28 1690000
60 1577000
92 2107000
124 1723000
156 1593000
188 1620000
220 1624000
252 1651000
284 1617000
316 1614000
348 1613000
380 1590000
412 1614000
444 2332000
476 1844000
508 1840000
540 1946000
572 1775000
604 1987000
636 1729000
668 1835000
700 1658000
732 1884000
764 1690000
796 1810000
828 1720000
860 1771000
892 1765000
924 1839000
956 2042000
988 1796000
31 1535000
63 1531000
95 1532000
127 1597000
159 1533000
191 1562000
223 1530000
255 1533000
287 1635000
319 1533000
351 1533000
383 1533000
415 1532000
447 1568000
479 2046000
511 1567000
543 1534000
575 1535000
607 1577000
639 1601000
671 1538000
703 1566000
735 1534000
767 1569000
799 1985000
831 1623000
863 1548000
895 1535000
927 1535000
959 2148000
991 1539000
31 1636000
63 1636000
95 1688000
127 1723000
159 1768000
191 1652000
223 1718000
255 1684000
287 1682000
319 1693000
351 1620000
383 1644000
415 1745000
447 1632000
479 1679000
511 1657000
543 1724000
575 1727000
607 1732000
639 1702000
671 1623000
703 1638000
735 1763000
767 1758000
799 1685000
831 1693000
863 1634000
895 1655000
927 1719000
959 1674000
991 1623000
25 1575000
57 1575000
89 1575000
121 1677000
153 1845000
185 1739000
217 2656000
249 1811000
281 1640000
313 1624000
345 1621000
377 1623000
409 1663000
441 1710000
473 1730000
505 1639000
537 1622000
569 1637000
601 1647000
633 1626000
665 1687000
697 1642000
729 1672000
761 1641000
793 1621000
825 1661000
857 1621000
889 1722000
921 1743000
953 1577000
985 1575000
31 2700000
63 2147000
95 2143000
127 2069000
159 2437000
191 1632000
223 1662000
255 1676000
287 1623000
319 1833000
351 1626000
383 1700000
415 1656000
447 2032000
479 1689000
511 1670000
543 1659000
575 1622000
607 1662000
639 1743000
671 1620000
703 1714000
735 1802000
767 1993000
799 1899000
831 1678000
863 1694000
895 1624000
927 1707000
959 1634000
991 1630000
31 1706000
63 2111000
95 1660000
127 1631000
159 1655000
191 1680000
223 1856000
255 1623000
287 1635000
319 1766000
351 1687000
383 1723000
415 1835000
447 1626000
479 1765000
511 1868000
543 1668000
575 1848000
607 1743000
639 1622000
671 1787000
703 1711000
735 1711000
767 1772000
799 2550000
831 2128000
863 1730000
895 1809000
927 1677000
959 1719000
991 1800000
31 1677000
63 1639000
95 2115000
127 2006000
159 2155000
191 1632000
223 1826000
255 2409000
287 2490000
319 1737000
351 1961000
383 2559000
415 2001000
447 1773000
479 1916000
511 2321000
543 1889000
575 1678000
607 2078000
639 2256000
671 2015000
703 1665000
735 1708000
767 2237000
799 2312000
831 1709000
863 1623000
895 1703000
927 1652000
959 1769000
991 1950000
31 1573000
63 2326000
95 2136000
127 1637000
159 1625000
191 1677000
223 1638000
255 1625000
287 1623000
319 1622000
351 1724000
383 1668000
415 1621000
447 1635000
479 1619000
511 1631000
543 2035000
575 1622000
607 1579000
639 1669000
671 2191000
703 1854000
735 1635000
767 1632000
799 1619000
831 1677000
863 1624000
895 1616000
927 1576000
959 1578000
991 2297000
31 2096000
63 1798000
95 1620000
127 1620000
159 1665000
191 1691000
223 1627000
255 1611000
287 1676000
319 1576000
351 2226000
383 1672000
415 1574000
447 1624000
479 1730000
511 1621000
543 1624000
575 1620000
607 1620000
639 1659000
671 1621000
703 1636000
735 1616000
767 1614000
799 1671000
831 1627000
863 1624000
895 1624000
927 1624000
959 1626000
991 1624000
31 1575000
63 1575000
95 1575000
127 1654000
159 1891000
191 1574000
223 1612000
255 1574000
287 1574000
319 1903000
351 1608000
383 1573000
415 1573000
447 1603000
479 1715000
511 1577000
543 1612000
575 1574000
607 1604000
639 1615000
671 1579000
703 1579000
735 1578000
767 1574000
799 1924000
831 1577000
863 1577000
895 1617000
927 1607000
959 1613000
991 1721000
31 1488000
63 1510000
95 1531000
127 1531000
159 1648000
191 1529000
223 1529000
255 1501000
287 1530000
319 1493000
351 1564000
383 1529000
415 1531000
447 1531000
479 1531000
511 1529000
543 1530000
575 1504000
607 1516000
639 1532000
671 1578000
703 1558000
735 1628000
767 1508000
799 1568000
831 1534000
863 1534000
895 1532000
927 1532000
959 1509000
991 1548000
31 1658000
63 1681000
95 1657000
127 1712000
159 1695000
191 1573000
223 1642000
255 1687000
287 1770000
319 1727000
351 1648000
383 1613000
415 1577000
447 1577000
479 1576000
511 1567000
543 1533000
575 1532000
607 1533000
639 1534000
671 1533000
703 1534000
735 1565000
767 1533000
799 1710000
831 1534000
863 1657000
895 1529000
927 1779000
959 1655000
991 1531000
31 1576000
63 1612000
95 1574000
127 1652000
159 1574000
191 1584000
223 1532000
255 2057000
287 1531000
319 1603000
351 1531000
383 1719000
415 1532000
447 1533000
479 1562000
511 1530000
543 1564000
575 1946000
607 1532000
639 1534000
671 1533000
703 1615000
735 2132000
767 1574000
799 1639000
831 1578000
863 1576000
895 1615000
927 1576000
959 1578000
991 1566000
31 2254000
63 5502000
95 2876000
127 6503000
159 2490000
191 2478000
223 2687000
255 2353000
287 2284000
319 2564000
351 2166000
383 2323000
415 2629000
447 2261000
479 2013000
511 1965000
543 2451000
575 2696000
607 2650000
639 2574000
671 2567000
703 2076000
735 1914000
767 2497000
799 2143000
831 2006000
863 1881000
895 1976000
927 1818000
959 1849000
991 1823000
31 1492000
63 1492000
95 1513000
127 1523000
159 1629000
191 1543000
223 1491000
255 1591000
287 1488000
319 1545000
351 1576000
383 1546000
415 1527000
447 1508000
479 1491000
511 1719000
543 1492000
575 1491000
607 1577000
639 1495000
671 1650000
703 1534000
735 1535000
767 1533000
799 1671000
831 1673000
863 1486000
895 1511000
927 1536000
959 2014000
991 1741000
30 1450000
62 1455000
94 1520000
126 1452000
158 1454000
190 1453000
222 1831000
254 1976000
286 1685000
318 1471000
350 1506000
382 2048000
414 1598000
446 1917000
478 1873000
510 1892000
542 1581000
574 1575000
606 1576000
638 1575000
670 1615000
702 1579000
734 1754000
766 1535000
798 1568000
830 2056000
862 1789000
894 1666000
926 1569000
958 1536000
990 2005000
31 1619000
63 1623000
95 1620000
127 1745000
159 1619000
191 1702000
223 1621000
255 1774000
287 2457000
319 1732000
351 1683000
383 1625000
415 2315000
447 2189000
479 1784000
511 1858000
543 1844000
575 1719000
607 1760000
639 1832000
671 1773000
703 1753000
735 1672000
767 1637000
799 1625000
831 1643000
863 1622000
895 1624000
927 1804000
959 1984000
991 1695000
29 1597000
61 1754000
93 1535000
125 1578000
157 1573000
189 1700000
221 1656000
253 1574000
285 1573000
317 1560000
349 1563000
381 1596000
413 1535000
445 1532000
477 1564000
509 1566000
541 1533000
573 1530000
605 1531000
637 1534000
669 1669000
701 1567000
733 1519000
765 1554000
797 1666000
829 1533000
861 1568000
893 1534000
925 1971000
957 1772000
989 1640000
31 1639000
63 1627000
95 1675000
127 1666000
159 1791000
191 1624000
223 1648000
255 1695000
287 2123000
319 1712000
351 1628000
383 1653000
415 1669000
447 2225000
479 1633000
511 1624000
543 1625000
575 1799000
607 1925000
639 1627000
671 1630000
703 1713000
735 1780000
767 1620000
799 1623000
831 1641000
863 1666000
895 1952000
927 1743000
959 1647000
991 1676000
29 1590000
61 1577000
93 1578000
125 1756000
157 2095000
189 1578000
221 1576000
253 1643000
285 1892000
317 1816000
349 1624000
381 1620000
413 1622000
445 1648000
477 1624000
509 1624000
541 1596000
573 1643000
605 2040000
637 1749000
669 1577000
701 1665000
733 1628000
765 1710000
797 1643000
829 1625000
861 1624000
893 1632000
925 1642000
957 1622000
989 1622000
31 1640000
63 1685000
95 1626000
127 1658000
159 1624000
191 1685000
223 1628000
255 1653000
287 1591000
319 1748000
351 1968000
383 2007000
415 1582000
447 1631000
479 1582000
511 1825000
543 1641000
575 1696000
607 1576000
639 1860000
671 2201000
703 1578000
735 1589000
767 1670000
799 1804000
831 1749000
863 1650000
895 1577000
927 1655000
959 1834000
991 1833000
31 1579000
63 1776000
95 1536000
127 1537000
159 1534000
191 1534000
223 1535000
255 1638000
287 1531000
319 1533000
351 1531000
383 1564000
415 1667000
447 1531000
479 1479000
511 1452000
543 1485000
575 1452000
607 1486000
639 1454000
671 1454000
703 1455000
735 1454000
767 1521000
799 1454000
831 1455000
863 1456000
895 1458000
927 1457000
959 1459000
991 1490000
30 1671000
62 1925000
94 1756000
126 1753000
158 2029000
190 1624000
222 1683000
254 1668000
286 1698000
318 1705000
350 1695000
382 1656000
414 1806000
446 1852000
478 1621000
510 1621000
542 1620000
574 1621000
606 2155000
638 1609000
670 1674000
702 1758000
734 1914000
766 2065000
798 1742000
830 1747000
862 1689000
894 1839000
926 1658000
958 1677000
990 1624000
28 1454000
60 1454000
92 1553000
124 1450000
156 1451000
188 1448000
220 1448000
252 1552000
284 1454000
316 1519000
348 1453000
380 1453000
412 1564000
444 1662000
476 1450000
508 1451000
540 1453000
572 1452000
604 1453000
636 1452000
668 1521000
700 1452000
732 1453000
764 1474000
796 1534000
828 1454000
860 1452000
892 1453000
924 1454000
956 1451000
988 1452000
31 1452000
63 1582000
95 1450000
127 1454000
159 1451000
191 1565000
223 1532000
255 1531000
287 1656000
319 1535000
351 1529000
383 1528000
415 1599000
447 1531000
479 1531000
511 1532000
543 1493000
575 1551000
607 1450000
639 1450000
671 1450000
703 1452000
735 1452000
767 1552000
799 1455000
831 1457000
863 1454000
895 1453000
927 1457000
959 1597000
991 1686000
30 1454000
62 1456000
94 1561000
126 1455000
158 1588000
190 1455000
222 1747000
254 2038000
286 1639000
318 1534000
350 1535000
382 1535000
414 1566000
446 1595000
478 1533000
510 1534000
542 1534000
574 1531000
606 1532000
638 1533000
670 1533000
702 1487000
734 1453000
766 1808000
798 1597000
830 1451000
862 1454000
894 1485000
926 1532000
958 1530000
990 1531000
31 1520000
63 1456000
95 1454000
127 1454000
159 1453000
191 1453000
223 1454000
255 1454000
287 1455000
319 1455000
351 1539000
383 1455000
415 1453000
447 1454000
479 1487000
511 1577000
543 1454000
575 1454000
607 1453000
639 1454000
671 1454000
703 1620000
735 1454000
767 1455000
799 1454000
831 1453000
863 1489000
895 1624000
927 1528000
959 1453000
991 1453000
25 1555000
57 1520000
89 1453000
121 1489000
153 1487000
185 1449000
217 1450000
249 1450000
281 1449000
313 1449000
345 1450000
377 1521000
409 1451000
441 1588000
473 1453000
505 1521000
537 1454000
569 1452000
601 1453000
633 1453000
665 1452000
697 1452000
729 1584000
761 1456000
793 1453000
825 1455000
857 1456000
889 1453000
921 1453000
953 1544000
985 1454000
29 1450000
61 1450000
93 1484000
125 1451000
157 1454000
189 1453000
221 1453000
253 1452000
285 1453000
317 1522000
349 1452000
381 1561000
413 1521000
445 1483000
477 1516000
509 1452000
541 1453000
573 1454000
605 1455000
637 1453000
669 1557000
701 1454000
733 1452000
765 1454000
797 1453000
829 1453000
861 1452000
893 1453000
925 1454000
957 1453000
989 1521000
31 1531000
63 1534000
95 1566000
127 1531000
159 1531000
191 1530000
223 1532000
255 1531000
287 1529000
319 1531000
351 1532000
383 1547000
415 1453000
447 1519000
479 1452000
511 1453000
543 1452000
575 1454000
607 1453000
639 1491000
671 1466000
703 1451000
735 1473000
767 1489000
799 1574000
831 1453000
863 1500000
895 1492000
927 1543000
959 1515000
991 1486000
31 2713000
63 2398000
95 2283000
127 2454000
159 2058000
191 2286000
223 2902000
255 2410000
287 2138000
319 2327000
351 2161000
383 3114000
415 2279000
447 2009000
479 1963000
511 2078000
543 2096000
575 1994000
607 2272000
639 1922000
671 1927000
703 1921000
735 1980000
767 1993000
799 2006000
831 2185000
863 2043000
895 1958000
927 1900000
959 2116000
991 1913000
30 1553000
62 1453000
94 1451000
126 1453000
158 1454000
190 1600000
222 1531000
254 1533000
286 1594000
318 1529000
350 1619000
382 1521000
414 1454000
446 1455000
478 1455000
510 1455000
542 1482000
574 1453000
606 1556000
638 1453000
670 1456000
702 1455000
734 1693000
766 1455000
798 1455000
830 1455000
862 1455000
894 1456000
926 1622000
958 1456000
990 1458000
31 1451000
63 1450000
95 1516000
127 1519000
159 1455000
191 1452000
223 1455000
255 1454000
287 1561000
319 1531000
351 1533000
383 1719000
415 1567000
447 1532000
479 1633000
511 1552000
543 1550000
575 1538000
607 1565000
639 1456000
671 1457000
703 1457000
735 1562000
767 1456000
799 1457000
831 1637000
863 1456000
895 1457000
927 1455000
959 1455000
991 1456000
31 1455000
63 1454000
95 1455000
127 1520000
159 1454000
191 1454000
223 1484000
255 1482000
287 1454000
319 1453000
351 1520000
383 1454000
415 1453000
447 1453000
479 1552000
511 1449000
543 1451000
575 1450000
607 1450000
639 1629000
671 1455000
703 1453000
735 1453000
767 1455000
799 1454000
831 1558000
863 1456000
895 1453000
927 1454000
959 1454000
991 1486000
31 1534000
63 1534000
95 1530000
127 1531000
159 1532000
191 1546000
223 1454000
255 1454000
287 1628000
319 1453000
351 2233000
383 1814000
415 1772000
447 1601000
479 1700000
511 1601000
543 1861000
575 1694000
607 1748000
639 1655000
671 1705000
703 1576000
735 1649000
767 1578000
799 1575000
831 1613000
863 1685000
895 1577000
927 1574000
959 1580000
991 1535000
31 1600000
63 1602000
95 1535000
127 1533000
159 1536000
191 1469000
223 1453000
255 1453000
287 1455000
319 1522000
351 1456000
383 1455000
415 1621000
447 1456000
479 1458000
511 1455000
543 1456000
575 1594000
607 1458000
639 1459000
671 1459000
703 1458000
735 1457000
767 1457000
799 1609000
831 1458000
863 1458000
895 1456000
927 1492000
959 1458000
991 1527000
31 1455000
63 1471000
95 1493000
127 1577000
159 1489000
191 1478000
223 1525000
255 1491000
287 1492000
319 1491000
351 1632000
383 1474000
415 1458000
447 1494000
479 1457000
511 1456000
543 1456000
575 1458000
607 1457000
639 1456000
671 1455000
703 1496000
735 1483000
767 1457000
799 1636000
831 1455000
863 1458000
895 1456000
927 1456000
959 1455000
991 1456000
31 1533000
63 1534000
95 1532000
127 1534000
159 1531000
191 1531000
223 1611000
255 1452000
287 1452000
319 1454000
351 1988000
383 1708000
415 1732000
447 1836000
479 1530000
511 1533000
543 1534000
575 1528000
607 1663000
639 1574000
671 1633000
703 1577000
735 1576000
767 1576000
799 1577000
831 1599000
863 1535000
895 1533000
927 1536000
959 1534000
991 1533000
30 1532000
62 1718000
94 1555000
126 1656000
158 1579000
190 1677000
222 1577000
254 1659000
286 1643000
318 1696000
350 1577000
382 1574000
414 1710000
446 1648000
478 1665000
510 1578000
542 1657000
574 1576000
606 1696000
638 1612000
670 1657000
702 1579000
734 1660000
766 1722000
798 1580000
830 1654000
862 1578000
894 1578000
926 1575000
958 1612000
990 1664000
31 1451000
63 1451000
95 1450000
127 1451000
159 1451000
191 1453000
223 1523000
255 1451000
287 1452000
319 1453000
351 1520000
383 1452000
415 1452000
447 1454000
479 1453000
511 1591000
543 1452000
575 1452000
607 1453000
639 1452000
671 1455000
703 1580000
735 1530000
767 1533000
799 1534000
831 1478000
863 1489000
895 1454000
927 1487000
959 1453000
991 1456000
31 1531000
63 1527000
95 1454000
127 1488000
159 1454000
191 1452000
223 1489000
255 1452000
287 1452000
319 1452000
351 1567000
383 1461000
415 1462000
447 1462000
479 1463000
511 1462000
543 1598000
575 1549000
607 1458000
639 1456000
671 1456000
703 1457000
735 1557000
767 1457000
799 1460000
831 1458000
863 1496000
895 1459000
927 1458000
959 1458000
991 1457000
29 1451000
61 1486000
93 1454000
125 1453000
157 1801000
189 1455000
221 1452000
253 1453000
285 1570000
317 1455000
349 1454000
381 1453000
413 1452000
445 1452000
477 1450000
509 1458000
541 1454000
573 1454000
605 1526000
637 1554000
669 1454000
701 1458000
733 1455000
765 1455000
797 1576000
829 1771000
861 1696000
893 1535000
925 1537000
957 1538000
989 2111000
29 1449000
61 1671000
93 1926000
125 1530000
157 1850000
189 1808000
221 1533000
253 1891000
285 1789000
317 1584000
349 1790000
381 1578000
413 1609000
445 1763000
477 1617000
509 1576000
541 1573000
573 1714000
605 1575000
637 1573000
669 1574000
701 1634000
733 1566000
765 2240000
797 1531000
829 1598000
861 1531000
893 1581000
925 1532000
957 1535000
989 1534000
30 1453000
62 1520000
94 1454000
126 1651000
158 1523000
190 1452000
222 1614000
254 1453000
286 1729000
318 1452000
350 2209000
382 1876000
414 1531000
446 2064000
478 1696000
510 1675000
542 2073000
574 1613000
606 1574000
638 1849000
670 1574000
702 1575000
734 1764000
766 1575000
798 1575000
830 1576000
862 1576000
894 1574000
926 1578000
958 1575000
990 1597000
31 1528000
63 1527000
95 1531000
127 1528000
159 1562000
191 1532000
223 1562000
255 1450000
287 1483000
319 1453000
351 1451000
383 1454000
415 1453000
447 1453000
479 1453000
511 1562000
543 1455000
575 1455000
607 1453000
639 1456000
671 1456000
703 1455000
735 1455000
767 1456000
799 1454000
831 1454000
863 1455000
895 1597000
927 1488000
959 1456000
991 1487000
30 1622000
62 1620000
94 1674000
126 1712000
158 1640000
190 1618000
222 1614000
254 1669000
286 1787000
318 1576000
350 1573000
382 1581000
414 1970000
446 1999000
478 1724000
510 1623000
542 1624000
574 1671000
606 1620000
638 1619000
670 1597000
702 1574000
734 1725000
766 1577000
798 1695000
830 1581000
862 1582000
894 1810000
926 1591000
958 1576000
990 1576000
